[General]
Factors = 1,2,3
CM = 30.000000
RW = 20.000000
FW = 10.000000

[TBM]
kor = 500.000000

[ABT]
koh = 1.000000
kor = 600.000000

